[{"id": 0, "img_name": "46", "width": 720, "height": 1600, "position": [0.7535055202919809, -3.428417136490506, 1.5158051007624698], "rotation": [[0.9758122820317733, 0.057940654095205484, -0.21079200855999783], [0.2186022076514522, -0.26683142145134653, 0.9386234960494912], [-0.001861471964412533, -0.9619999340751949, -0.27304333318220153]], "fy": 1164.1395702113307, "fx": 1164.1395702113307}, {"id": 1, "img_name": "38", "width": 720, "height": 1600, "position": [3.3886868667714234, -2.992209729427524, 0.703112028158025], "rotation": [[0.665759545769076, 0.14826835847989545, -0.7312870306007255], [0.7452285885227348, -0.18124489054436427, 0.6417044806606684], [-0.03739756784099052, -0.9721968851821883, -0.23115933551433712]], "fy": 1164.1395702113307, "fx": 1164.1395702113307}, {"id": 2, "img_name": "30", "width": 720, "height": 1600, "position": [1.7162536058452686, -4.782908353086915, 3.450870830131518], "rotation": [[0.9600590383204177, 0.05072215828022352, -0.275161599123981], [0.2600675546480928, -0.5245171775482796, 0.8107074672631008], [-0.10320615286870335, -0.8498876355970271, -0.5167586447299525]], "fy": 1164.1395702113307, "fx": 1164.1395702113307}, {"id": 3, "img_name": "23", "width": 720, "height": 1600, "position": [-2.6630684209686235, -4.486595542804555, 1.3858520411081834], "rotation": [[0.8725955800703162, -0.14661824108355662, 0.4659184961526082], [-0.48842502476139976, -0.2701947688152439, 0.8297203035310797], [0.004236608859658587, -0.9515765225759532, -0.30738277905801176]], "fy": 1164.1395702113307, "fx": 1164.1395702113307}, {"id": 4, "img_name": "106", "width": 720, "height": 1600, "position": [-2.281849893497271, 2.2156723031685575, 1.1495527225958138], "rotation": [[-0.7171875030732469, -0.284874796589919, 0.6359940532247208], [-0.6953710530495975, 0.23251113582538818, -0.6799982869815816], [0.04583867399189911, -0.9299381280585621, -0.3648477682313568]], "fy": 1164.1395702113307, "fx": 1164.1395702113307}, {"id": 5, "img_name": "11", "width": 720, "height": 1600, "position": [3.465854656214889, -1.790336309879436, 0.7050391681629599], "rotation": [[0.4042342036445755, 0.17406421564312852, -0.8979400634063358], [0.9144860855442777, -0.09580892274855851, 0.39311048023128153], [-0.017604202765181726, -0.9800623955584692, -0.1979085467861279]], "fy": 1164.1395702113307, "fx": 1164.1395702113307}, {"id": 6, "img_name": "114", "width": 720, "height": 1600, "position": [0.24001425228528098, 3.320535185177805, 0.919270541575951], "rotation": [[-0.9992324094494317, -0.02409774272070609, -0.030885121587027723], [0.023225457319003134, 0.27046950700908856, -0.962448348697522], [0.03154631629844043, -0.962426903512864, -0.26970221607624767]], "fy": 1164.1395702113307, "fx": 1164.1395702113307}, {"id": 7, "img_name": "15", "width": 720, "height": 1600, "position": [-2.1940576477653293, -4.523591450917481, 1.3962240256173242], "rotation": [[0.9288279562146138, -0.12291150287975192, 0.3495302422506814], [-0.3698166108952054, -0.24980496940831856, 0.8948928156851508], [-0.022678229419441007, -0.9604635546185072, -0.2774805546228089]], "fy": 1164.1395702113307, "fx": 1164.1395702113307}, {"id": 8, "img_name": "79", "width": 720, "height": 1600, "position": [3.1818865693592473, 0.06678416365612219, 0.7729201152889621], "rotation": [[-0.06693133390028275, 0.2099388496259612, -0.9754208712109111], [0.9973191503023036, 0.04305523621338708, -0.05916721283705393], [0.02957547941886809, -0.9767660549415444, -0.21225777951556046]], "fy": 1164.1395702113307, "fx": 1164.1395702113307}, {"id": 9, "img_name": "86", "width": 720, "height": 1600, "position": [3.449579840725938, 1.070631764787615, 0.8912119837128195], "rotation": [[-0.27880177300650855, 0.24718596671089021, -0.9279917398681014], [0.9603350447694438, 0.06661258634521727, -0.2707754884181283], [-0.00511597096663615, -0.9666756753095846, -0.25595305358527665]], "fy": 1164.1395702113307, "fx": 1164.1395702113307}, {"id": 10, "img_name": "93", "width": 720, "height": 1600, "position": [2.5715813012412836, 3.1434123917679746, 1.319618541281419], "rotation": [[-0.734478537852072, 0.22003653121180494, -0.6419697830901039], [0.6786306088233642, 0.2400002625705969, -0.6941616315629081], [0.0013319989945848301, -0.9455071649279739, -0.3255985670766137]], "fy": 1164.1395702113307, "fx": 1164.1395702113307}, {"id": 11, "img_name": "71", "width": 720, "height": 1600, "position": [1.277033627154778, 2.225218621145602, 2.868601037450445], "rotation": [[-0.8713125476408381, 0.3760407354233719, -0.31529004053359816], [0.4830782398277067, 0.770276050654089, -0.4163054407447834], [0.08631256313436832, -0.5150419119882559, -0.8528082846539762]], "fy": 1164.1395702113307, "fx": 1164.1395702113307}, {"id": 12, "img_name": "65", "width": 720, "height": 1600, "position": [3.6422885627981385, -1.1916154226297515, 0.95392287044133], "rotation": [[0.29025853013616376, 0.09603544778094267, -0.9521172083764182], [0.956246308942881, -0.06720987799449857, 0.2847381761076043], [-0.03664672316861895, -0.993106250661595, -0.11134178286551734]], "fy": 1164.1395702113307, "fx": 1164.1395702113307}, {"id": 13, "img_name": "58", "width": 720, "height": 1600, "position": [-2.8600709606974846, -1.3762799558593624, 1.2039236577716215], "rotation": [[0.4426348454641612, -0.27037194597910447, 0.8549698266267559], [-0.8966973704476342, -0.130413350879994, 0.42299667107975353], [-0.0028669531108332785, -0.953882261483524, -0.3001673064155025]], "fy": 1164.1395702113307, "fx": 1164.1395702113307}, {"id": 14, "img_name": "50", "width": 720, "height": 1600, "position": [-0.5532357050295481, -2.469710914583317, 1.5447024497303132], "rotation": [[0.9510587008948375, -0.2137696032690243, 0.2231365147263527], [-0.28247680423041294, -0.3086887893119546, 0.9082500131708763], [-0.1252765044024572, -0.9268299672010253, -0.3539661133168649]], "fy": 1164.1395702113307, "fx": 1164.1395702113307}, {"id": 15, "img_name": "44", "width": 720, "height": 1600, "position": [3.1511936011429604, -3.29024368147314, 0.7620590614931793], "rotation": [[0.7201830072612886, 0.14863861126835054, -0.6776747002257786], [0.6935586321378341, -0.17914699746632232, 0.6977698596857721], [-0.017687844875733286, -0.9725291340477946, -0.2321082152912711]], "fy": 1164.1395702113307, "fx": 1164.1395702113307}, {"id": 16, "img_name": "43", "width": 720, "height": 1600, "position": [1.513506295199392, -3.343413279670886, 1.7286334936078718], "rotation": [[0.8989714344847017, 0.14203683703147385, -0.41433790188734576], [0.43774959108326134, -0.25890408805935317, 0.8610133382779831], [0.015021834574346162, -0.9554026429437023, -0.2949239467659578]], "fy": 1164.1395702113307, "fx": 1164.1395702113307}, {"id": 17, "img_name": "42", "width": 720, "height": 1600, "position": [3.0268836154310916, -3.8118489541951086, 1.0774842610480122], "rotation": [[0.8143636514497041, 0.10633023344692989, -0.5705310900261461], [0.5798285997344517, -0.19092755627950936, 0.7920514271075613], [-0.02471109365385577, -0.9758281353500934, -0.21713777226312087]], "fy": 1164.1395702113307, "fx": 1164.1395702113307}, {"id": 18, "img_name": "41", "width": 720, "height": 1600, "position": [1.237416278884977, -3.3316250340984435, 1.7029719906380654], "rotation": [[0.9117659638958121, 0.11969360038810227, -0.39288200409419377], [0.410710148623829, -0.26578760100032894, 0.8721663401965742], [-3.0435948954759996e-05, -0.9565722101399663, -0.2914954646223392]], "fy": 1164.1395702113307, "fx": 1164.1395702113307}, {"id": 19, "img_name": "40", "width": 720, "height": 1600, "position": [3.02043094577275, -3.640389692204454, 0.9552683965983371], "rotation": [[0.809630896629392, 0.1460709217236587, -0.5684726001169125], [0.5867354586009459, -0.1758945392745664, 0.7904445664774535], [0.01546974030904038, -0.9735113748246409, -0.22811464279087482]], "fy": 1164.1395702113307, "fx": 1164.1395702113307}, {"id": 20, "img_name": "4", "width": 720, "height": 1600, "position": [3.614642536398624, -0.954690780792452, -0.1935574590984383], "rotation": [[0.24052137044341096, 0.008028234111070504, -0.9706106417358494], [0.9693707342311576, 0.049212135257560644, 0.2406211656516165], [0.04969758523346221, -0.9987560829522727, 0.004054235019766862]], "fy": 1164.1395702113307, "fx": 1164.1395702113307}, {"id": 21, "img_name": "39", "width": 720, "height": 1600, "position": [3.6467019925394215, -2.710069280081546, 0.655129278779435], "rotation": [[0.6214507937673208, 0.15962062161464205, -0.7670203179284878], [0.7827711519463711, -0.16734671959938366, 0.5993866858046487], [-0.03268385869573057, -0.9728907094980167, -0.2289441695850834]], "fy": 1164.1395702113307, "fx": 1164.1395702113307}, {"id": 22, "img_name": "37", "width": 720, "height": 1600, "position": [3.950451176737739, -2.134157002431222, 0.48645423955559025], "rotation": [[0.5270979584037558, 0.16471177937175185, -0.833689253868958], [0.8496306082882092, -0.12198999283112663, 0.5130753074441153], [-0.017192199262032536, -0.9787688549491985, -0.20424484546683058]], "fy": 1164.1395702113307, "fx": 1164.1395702113307}, {"id": 23, "img_name": "36", "width": 720, "height": 1600, "position": [3.806419515361879, -2.440718547697692, 0.485598655852065], "rotation": [[0.5180369890526044, 0.15885060293953748, -0.8404785327138663], [0.8533849750448222, -0.16268903899638892, 0.49524373893890283], [-0.05806687825183826, -0.9738063270327943, -0.2198396577389632]], "fy": 1164.1395702113307, "fx": 1164.1395702113307}, {"id": 24, "img_name": "35", "width": 720, "height": 1600, "position": [4.139613729379802, -1.7682105147353078, 0.42318696221771773], "rotation": [[0.5377782856419873, 0.16908443270771792, -0.8259570025986039], [0.8430393234426841, -0.09750536661910716, 0.528939885629529], [0.008900260148158437, -0.9807666175649915, -0.19498109465592142]], "fy": 1164.1395702113307, "fx": 1164.1395702113307}, {"id": 25, "img_name": "34", "width": 720, "height": 1600, "position": [3.796588996464988, -2.194556476473945, 0.45370957106168797], "rotation": [[0.6141474693561023, 0.15500362027145587, -0.7738195937168001], [0.7885330624109732, -0.16056144511232762, 0.5936628940974984], [-0.03222569441746148, -0.9747788980477214, -0.2208338845693335]], "fy": 1164.1395702113307, "fx": 1164.1395702113307}, {"id": 26, "img_name": "33", "width": 720, "height": 1600, "position": [2.549466935332353, -4.086803150113925, 2.9105887127705565], "rotation": [[0.8856669236218868, 0.2005609279808586, -0.41877131540184986], [0.46114936925595196, -0.48518321917668306, 0.7429256376409371], [-0.0541789595994861, -0.8511007919293256, -0.5221992745569378]], "fy": 1164.1395702113307, "fx": 1164.1395702113307}, {"id": 27, "img_name": "32", "width": 720, "height": 1600, "position": [-0.5205173773223705, -4.919324705360736, 3.6974275748557233], "rotation": [[0.8220055095919239, -0.5670500459161706, 0.05254700429887761], [-0.3764063559896572, -0.4717570545674982, 0.7973478140914352], [-0.42734669461732216, -0.6752033226505504, -0.601228139490415]], "fy": 1164.1395702113307, "fx": 1164.1395702113307}, {"id": 28, "img_name": "31", "width": 720, "height": 1600, "position": [3.6133699060002815, -2.4101549876547477, 0.6153329855671167], "rotation": [[0.640890781580277, 0.15279017826881783, -0.7522726683482529], [0.7657979187047392, -0.1949634825883738, 0.6128154601219737], [-0.05303351587930004, -0.9688366229216017, -0.2419566992524625]], "fy": 1164.1395702113307, "fx": 1164.1395702113307}, {"id": 29, "img_name": "3", "width": 720, "height": 1600, "position": [3.61544090666541, -0.0988411740020639, -0.36253670621189604], "rotation": [[0.08850211632247484, -0.026842913745414376, -0.9957142328107476], [0.990508621190819, 0.10791439603384918, 0.08513022069345746], [0.10516675688487674, -0.9937977365358176, 0.036138789913371785]], "fy": 1164.1395702113307, "fx": 1164.1395702113307}, {"id": 30, "img_name": "29", "width": 720, "height": 1600, "position": [0.18669879100020778, -5.12313373770959, 3.5646502400547537], "rotation": [[0.9631929595926022, -0.25727302715060313, -0.07790964077573823], [-0.08766701466353027, -0.5746263801806055, 0.8137069606071478], [-0.2541137878290511, -0.7769267100079831, -0.5760304420298841]], "fy": 1164.1395702113307, "fx": 1164.1395702113307}, {"id": 31, "img_name": "28", "width": 720, "height": 1600, "position": [3.3763028394808847, -2.460167531067328, 3.0336027013313043], "rotation": [[0.48786529585036514, 0.7700702806427668, -0.41107081629495695], [0.7950885085845459, -0.1976347849321467, 0.5733888343014981], [0.36030780817764785, -0.6065741955343854, -0.7086931837627853]], "fy": 1164.1395702113307, "fx": 1164.1395702113307}, {"id": 32, "img_name": "27", "width": 720, "height": 1600, "position": [-1.3166310833075134, -4.749393521222858, 3.643412336305322], "rotation": [[0.7542416004784812, -0.6442732088365407, 0.12661611476001797], [-0.45458070856358596, -0.37323416170646906, 0.8087352100268057], [-0.47378896941207843, -0.6675389823370959, -0.5743829032601816]], "fy": 1164.1395702113307, "fx": 1164.1395702113307}, {"id": 33, "img_name": "26", "width": 720, "height": 1600, "position": [2.538521320782638, -2.661262991057862, 3.1910633413021974], "rotation": [[0.6554090888287881, 0.6500047585871804, -0.38462025444382786], [0.7109089788757625, -0.3589617096894828, 0.6047767478422329], [0.2550438198639707, -0.6698061695897136, -0.6973609862636069]], "fy": 1164.1395702113307, "fx": 1164.1395702113307}, {"id": 34, "img_name": "25", "width": 720, "height": 1600, "position": [-1.4562742445108852, -5.14903193897532, 1.7033122742720095], "rotation": [[0.9534404824492425, -0.17125608488667887, 0.24823899744004313], [-0.28928018087098334, -0.2866486256216651, 0.913317875870425], [-0.08525387623669832, -0.9426048582781033, -0.32284339511740784]], "fy": 1164.1395702113307, "fx": 1164.1395702113307}, {"id": 35, "img_name": "24", "width": 720, "height": 1600, "position": [3.3679610512845897, -2.05889158754095, 3.220006294487673], "rotation": [[0.2787396220709508, 0.874336915796902, -0.3972897944779107], [0.823162975571122, -0.004428265801503357, 0.5677879059216492], [0.4946786216801437, -0.4852992356995338, -0.7209561103949961]], "fy": 1164.1395702113307, "fx": 1164.1395702113307}, {"id": 36, "img_name": "22", "width": 720, "height": 1600, "position": [-1.9994701457278887, -4.720246756175976, 1.541072040066751], "rotation": [[0.8571136580964679, -0.25507578287951566, 0.4475405256808473], [-0.5104374844809881, -0.30358595174619973, 0.8045428169706562], [-0.06935237246506665, -0.9180260970807874, -0.3904079066129217]], "fy": 1164.1395702113307, "fx": 1164.1395702113307}, {"id": 37, "img_name": "21", "width": 720, "height": 1600, "position": [-3.192161881318718, -3.398659326204765, 1.5810031856018327], "rotation": [[0.6830161895078474, -0.23451442886873256, 0.6917310659182135], [-0.7302741761243803, -0.23706341456711333, 0.6407031802321899], [0.013729988062188114, -0.9427639790308135, -0.3331779814207423]], "fy": 1164.1395702113307, "fx": 1164.1395702113307}, {"id": 38, "img_name": "20", "width": 720, "height": 1600, "position": [-3.177004758171968, -3.960097221087005, 1.7136398488429156], "rotation": [[0.8022608096216464, -0.21285504588281537, 0.5577367863259883], [-0.5968587153481644, -0.2676605647778076, 0.7563844895129518], [-0.011716111994955855, -0.9397076947308592, -0.3417779706434227]], "fy": 1164.1395702113307, "fx": 1164.1395702113307}, {"id": 39, "img_name": "19", "width": 720, "height": 1600, "position": [-3.4933492635281995, -3.5528909646701257, 1.5136085283955394], "rotation": [[0.6938514135128189, -0.20010541077272845, 0.6917572121630073], [-0.7198884277349246, -0.21700952227476966, 0.6592931964273697], [0.018189766250856776, -0.9554395280988376, -0.29462593331852144]], "fy": 1164.1395702113307, "fx": 1164.1395702113307}, {"id": 40, "img_name": "109", "width": 720, "height": 1600, "position": [-1.9727095476403689, 2.6831466967921, 1.2296880706022728], "rotation": [[-0.8287722356900432, -0.2649188606979378, 0.49290422865870154], [-0.5520687973405002, 0.24319150860821218, -0.797544941143682], [0.09141457419631126, -0.93310014865459, -0.34780380710838854]], "fy": 1164.1395702113307, "fx": 1164.1395702113307}, {"id": 41, "img_name": "108", "width": 720, "height": 1600, "position": [-2.058494243078838, 2.4962976396748338, 1.2140223666970655], "rotation": [[-0.7805615359338618, -0.27367572158513137, 0.5619833521281782], [-0.6207011217441089, 0.23313719745562564, -0.748583438654734], [0.07384988900863176, -0.9331391357184661, -0.35184875631129864]], "fy": 1164.1395702113307, "fx": 1164.1395702113307}, {"id": 42, "img_name": "107", "width": 720, "height": 1600, "position": [-1.7499205282132964, 2.8765641331006804, 1.2012867004177332], "rotation": [[-0.865423686031866, -0.2441815037199788, 0.437512556311089], [-0.49283956290140446, 0.25751548689121845, -0.8311407457526886], [0.09028293814136437, -0.9349123848167992, -0.34320230743765096]], "fy": 1164.1395702113307, "fx": 1164.1395702113307}, {"id": 43, "img_name": "105", "width": 720, "height": 1600, "position": [-2.3807267592993995, 2.03866678483969, 1.138053706815905], "rotation": [[-0.6950029806849503, -0.2942437526253363, 0.6560422782975119], [-0.7174202184955756, 0.22321049867608972, -0.6599131028965372], [0.04773978371152103, -0.9292995681446842, -0.36622837919948353]], "fy": 1164.1395702113307, "fx": 1164.1395702113307}, {"id": 44, "img_name": "104", "width": 720, "height": 1600, "position": [-2.446948569772111, 1.9164051716726356, 1.151629542688213], "rotation": [[-0.6614312775690079, -0.3087838945087512, 0.683491895767048], [-0.7482438164989361, 0.2092471233716995, -0.6295608250453477], [0.05137953035052066, -0.927829805451973, -0.369448231840016]], "fy": 1164.1395702113307, "fx": 1164.1395702113307}, {"id": 45, "img_name": "103", "width": 720, "height": 1600, "position": [-2.589699056159729, 1.649876838783225, 1.1290147756456732], "rotation": [[-0.6308377541275569, -0.31470240402896676, 0.7092292470700038], [-0.7749929323539747, 0.21101390556790603, -0.5957005006363268], [0.037811146264284175, -0.9254380198520658, -0.3770076771953965]], "fy": 1164.1395702113307, "fx": 1164.1395702113307}, {"id": 46, "img_name": "102", "width": 720, "height": 1600, "position": [-2.5656649179530526, 1.3468403887292522, 1.1117025968372407], "rotation": [[-0.5149790873109, -0.3660950809846346, 0.7750941435368239], [-0.8565219030801617, 0.18373185155135402, -0.48229952961769923], [0.03415800323561112, -0.9122592824614472, -0.4081865166951029]], "fy": 1164.1395702113307, "fx": 1164.1395702113307}, {"id": 47, "img_name": "101", "width": 720, "height": 1600, "position": [-2.7090280761696905, 1.0465565843562037, 1.121001104673026], "rotation": [[-0.41951076433314677, -0.4081358461274718, 0.8108241793066038], [-0.9068198424813978, 0.14799022134070045, -0.39468553009902396], [0.041091263017258885, -0.9008462829619982, -0.4321891745647948]], "fy": 1164.1395702113307, "fx": 1164.1395702113307}, {"id": 48, "img_name": "100", "width": 720, "height": 1600, "position": [-2.656124609214578, 0.49097844819209363, 1.1422706898766295], "rotation": [[-0.24393081687722667, -0.44575193312913586, 0.861279844605134], [-0.9683725081545733, 0.06391056941810246, -0.24118483486131426], [0.05246372108381332, -0.8928721371293736, -0.4472436749042573]], "fy": 1164.1395702113307, "fx": 1164.1395702113307}, {"id": 49, "img_name": "10", "width": 720, "height": 1600, "position": [2.9013323158218927, -2.778985115066991, 0.8304950495149482], "rotation": [[0.5361656686977911, 0.18669243907263391, -0.823208545228217], [0.8432926935285024, -0.07549048862847496, 0.5321265067332029], [0.0371995801148079, -0.9795137157556104, -0.19791177812277666]], "fy": 1164.1395702113307, "fx": 1164.1395702113307}, {"id": 50, "img_name": "45", "width": 720, "height": 1600, "position": [0.9470773538688295, -3.3590968955021783, 1.5778553578520682], "rotation": [[0.9480571886706929, 0.10856234380273419, -0.2990013119564444], [0.31750840111026557, -0.2656581506919582, 0.9102824628626742], [0.01939026210207898, -0.9579352611269839, -0.2863285756940623]], "fy": 1164.1395702113307, "fx": 1164.1395702113307}, {"id": 51, "img_name": "0", "width": 720, "height": 1600, "position": [-0.024671224126633275, 4.590582528652647, 0.1619841324260147], "rotation": [[-0.995747607713168, -0.05310024599000757, -0.07527991527027139], [0.07255697950458304, 0.05146903059006208, -0.9960353525931168], [0.05676430649930128, -0.9972619028117102, -0.04739737062138495]], "fy": 1164.1395702113307, "fx": 1164.1395702113307}, {"id": 52, "img_name": "18", "width": 720, "height": 1600, "position": [3.3420038961962013, -2.715763631020281, 0.8441338279377277], "rotation": [[0.442464752889313, 0.20014745936285533, -0.8741658521098783], [0.8960262097645253, -0.13878143873064028, 0.4217543641491776], [-0.036904930185350515, -0.9698869556848461, -0.2407432644004747]], "fy": 1164.1395702113307, "fx": 1164.1395702113307}, {"id": 53, "img_name": "110", "width": 720, "height": 1600, "position": [-1.174871442038709, 3.0541786262053625, 1.1959302433579424], "rotation": [[-0.9238742937346859, -0.19444209090221584, 0.3296188142318415], [-0.3742674178048545, 0.27929668504156263, -0.8842608561360638], [0.07987608762779567, -0.9403114564023844, -0.33080836690976195]], "fy": 1164.1395702113307, "fx": 1164.1395702113307}, {"id": 54, "img_name": "111", "width": 720, "height": 1600, "position": [-0.23635552527189074, 3.1243672978789765, 0.9041978933120172], "rotation": [[-0.9983858689089826, -0.047406729649472, 0.03127712871402264], [-0.0428990953644313, 0.2685623881454571, -0.9623065578548897], [0.03721994644636995, -0.9620950294481948, -0.2701625990610222]], "fy": 1164.1395702113307, "fx": 1164.1395702113307}, {"id": 55, "img_name": "112", "width": 720, "height": 1600, "position": [-0.7063912267586371, 3.0080494132700077, 1.1001180381662052], "rotation": [[-0.9349984922231913, -0.16584337723414996, 0.31348651295027935], [-0.34992015793704606, 0.2874880672483923, -0.8915752880486877], [0.0577382251119905, -0.9433168001516766, -0.32683285016399327]], "fy": 1164.1395702113307, "fx": 1164.1395702113307}, {"id": 56, "img_name": "113", "width": 720, "height": 1600, "position": [-1.4990286412758793, 2.999182545475848, 1.194397678407314], "rotation": [[-0.8989523188144221, -0.22738261864847792, 0.37440869817424155], [-0.4270759889648243, 0.26485549958274657, -0.8645563393963952], [0.0974208816180301, -0.9370958910958948, -0.33520212223337253]], "fy": 1164.1395702113307, "fx": 1164.1395702113307}, {"id": 57, "img_name": "115", "width": 720, "height": 1600, "position": [1.8287765795658903, 3.1292432470613734, 1.1069722357214715], "rotation": [[-0.8695181844057054, 0.11558648458861455, -0.4801852679977257], [0.49373485048791477, 0.2286335045816612, -0.8390188424561086], [0.012807202167693975, -0.9666263420759684, -0.25587006548494284]], "fy": 1164.1395702113307, "fx": 1164.1395702113307}, {"id": 58, "img_name": "116", "width": 720, "height": 1600, "position": [0.7056717701051947, 3.3669345240910085, 1.032043128160111], "rotation": [[-0.9874233494721996, 0.021998086174326067, -0.15656057343905375], [0.15674674209884115, 0.26543461793049733, -0.9513016989606895], [0.020629779242254735, -0.9638778697740563, -0.26554446784304037]], "fy": 1164.1395702113307, "fx": 1164.1395702113307}, {"id": 59, "img_name": "117", "width": 720, "height": 1600, "position": [1.4630339893263926, 3.1050282840664636, 1.0634765929184127], "rotation": [[-0.9284207091687751, 0.07047946593655027, -0.3647843632910312], [0.3702058962171712, 0.2583320355756432, -0.892307208197597], [0.03134615163003624, -0.9634818131693893, -0.26593272552210023]], "fy": 1164.1395702113307, "fx": 1164.1395702113307}, {"id": 60, "img_name": "118", "width": 720, "height": 1600, "position": [1.1209633268218684, 3.2467564037114314, 1.043669624880651], "rotation": [[-0.9587741147333649, 0.05056103174472187, -0.27963508188343905], [0.2828416306519741, 0.2648058281216895, -0.9218885428092284], [0.027437363551947733, -0.9629753140621601, -0.2681897380997316]], "fy": 1164.1395702113307, "fx": 1164.1395702113307}, {"id": 61, "img_name": "12", "width": 720, "height": 1600, "position": [3.472873551850294, -2.0218680323517018, 0.7410672975443303], "rotation": [[0.4127812997985801, 0.17472413546408222, -0.8939144674166091], [0.9106763115063413, -0.09720863938822462, 0.40152102820338004], [-0.016740794583533048, -0.9798071019073668, -0.19924303973388757]], "fy": 1164.1395702113307, "fx": 1164.1395702113307}, {"id": 62, "img_name": "13", "width": 720, "height": 1600, "position": [3.152468011380464, -2.31607385086063, 0.7934043753669091], "rotation": [[0.4894390898826998, 0.16456169900055603, -0.856369560733356], [0.8718646501003683, -0.07279245809168154, 0.4843070203397191], [0.017361140744326493, -0.9836771346842678, -0.17910300255775916]], "fy": 1164.1395702113307, "fx": 1164.1395702113307}, {"id": 63, "img_name": "14", "width": 720, "height": 1600, "position": [2.944939230761313, -3.1989254344830345, 0.9907576723601312], "rotation": [[0.6393371860346267, 0.13662137021335036, -0.7566918552410535], [0.7689239538530724, -0.11612836169273891, 0.6287051429736537], [-0.0019788273621418524, -0.9837930701346417, -0.17929662414872072]], "fy": 1164.1395702113307, "fx": 1164.1395702113307}, {"id": 64, "img_name": "16", "width": 720, "height": 1600, "position": [-2.8901088266830994, -4.144212484525838, 1.4021358318754105], "rotation": [[0.8434992838542794, -0.15468237533973472, 0.5143756612927661], [-0.5371302920861653, -0.24275603110109817, 0.8078122050869726], [-8.651668084717934e-05, -0.9576757656718062, -0.28784912783189714]], "fy": 1164.1395702113307, "fx": 1164.1395702113307}, {"id": 65, "img_name": "73", "width": 720, "height": 1600, "position": [2.689994243495365, -0.936721586606841, 0.704048588179995], "rotation": [[0.24507540533455033, 0.19859972178578397, -0.9489447803958411], [0.9675241029110594, 0.01242168323754472, 0.2524733888387055], [0.061928636253679545, -0.9800019654704515, -0.189105768604798]], "fy": 1164.1395702113307, "fx": 1164.1395702113307}, {"id": 66, "img_name": "74", "width": 720, "height": 1600, "position": [2.91892051165164, -0.7045487864830532, 0.7054401361087097], "rotation": [[0.15266519387328925, 0.16103030600926613, -0.9750705508628539], [0.9867578553735592, 0.029864915749156548, 0.15942716727670378], [0.054793005383760855, -0.9864975050083118, -0.15433858625499705]], "fy": 1164.1395702113307, "fx": 1164.1395702113307}, {"id": 67, "img_name": "75", "width": 720, "height": 1600, "position": [2.7033141106877556, -0.880461678070914, 0.6990548074162973], "rotation": [[0.21615807724724678, 0.19909045958324958, -0.9558444824224808], [0.9744447942988397, 0.017272480650394557, 0.2239620599031852], [0.06109851476276511, -0.9798288883008602, -0.19026907572878154]], "fy": 1164.1395702113307, "fx": 1164.1395702113307}, {"id": 68, "img_name": "76", "width": 720, "height": 1600, "position": [1.5952103897931769, 1.9769384963194323, 3.749537231829252], "rotation": [[-0.8940598453609959, 0.33242319914195817, -0.3002529094265269], [0.4276096225624652, 0.8330378007068385, -0.3509957738855326], [0.13344288528416717, -0.44220226059562157, -0.8869330059959202]], "fy": 1164.1395702113307, "fx": 1164.1395702113307}, {"id": 69, "img_name": "77", "width": 720, "height": 1600, "position": [3.0702390168517697, -0.5566641373215973, 0.7324515182194582], "rotation": [[0.07822952583081437, 0.15730100469074534, -0.9844473247692657], [0.9963376880111193, 0.021852379550689204, 0.08266610524655266], [0.034515977997672226, -0.9873089017450598, -0.15501541804487803]], "fy": 1164.1395702113307, "fx": 1164.1395702113307}, {"id": 70, "img_name": "78", "width": 720, "height": 1600, "position": [1.8480826849111855, 2.2212654202643844, 4.14835936302309], "rotation": [[-0.9083238592633425, 0.29673726006216955, -0.2947791804343373], [0.38751800857112895, 0.8622571496066177, -0.32610182609936667], [0.15740889350669027, -0.4104383101655442, -0.8981997738962374]], "fy": 1164.1395702113307, "fx": 1164.1395702113307}, {"id": 71, "img_name": "8", "width": 720, "height": 1600, "position": [3.68890162075723, -1.6385273264193627, 0.0731765638900727], "rotation": [[0.3687699893922801, 0.040387489842636626, -0.9286428514890018], [0.9294155993417403, -0.0009992784530288372, 0.3690333929914894], [0.013976359618985301, -0.9991835928099423, -0.03790526698252597]], "fy": 1164.1395702113307, "fx": 1164.1395702113307}, {"id": 72, "img_name": "80", "width": 720, "height": 1600, "position": [3.1716499731027388, -0.25689330508375435, 0.7592015344893263], "rotation": [[0.02844430646846114, 0.16424012763492485, -0.9860101936277273], [0.9990162215099134, 0.028902527012403118, 0.03363380876970795], [0.0340222073010157, -0.985996868372577, -0.16325643939409476]], "fy": 1164.1395702113307, "fx": 1164.1395702113307}, {"id": 73, "img_name": "81", "width": 720, "height": 1600, "position": [3.1714562565152953, -0.052275910800795335, 0.7746513349802103], "rotation": [[-0.03813425471192807, 0.19661589777326935, -0.979738724045433], [0.9989896593285689, 0.030832235028815737, -0.03269608291098708], [0.02377896491138786, -0.9799956949189634, -0.19759301303902596]], "fy": 1164.1395702113307, "fx": 1164.1395702113307}, {"id": 74, "img_name": "82", "width": 720, "height": 1600, "position": [3.240887604881135, 0.18230564359358484, 0.7538639032890961], "rotation": [[-0.11026821378133556, 0.2322143499726414, -0.9663940276771442], [0.9937150440890403, 0.04460973808829215, -0.10266636459335274], [0.01926998134666753, -0.9716411204597111, -0.23567392915742033]], "fy": 1164.1395702113307, "fx": 1164.1395702113307}, {"id": 75, "img_name": "83", "width": 720, "height": 1600, "position": [3.4238834209189304, 1.3742111788367488, 0.9144135194271951], "rotation": [[-0.31208902727913884, 0.24949830960226144, -0.916706622966896], [0.9500212459323543, 0.0740848921145326, -0.3032673095431153], [-0.007750569825453003, -0.9655371677463238, -0.26014977686246105]], "fy": 1164.1395702113307, "fx": 1164.1395702113307}, {"id": 76, "img_name": "84", "width": 720, "height": 1600, "position": [3.413109185555972, 0.7691319150695964, 0.8458851449879705], "rotation": [[-0.2392431325587128, 0.25028653801492223, -0.9381467755345081], [0.9708686872256534, 0.04843612042987742, -0.23466557992693124], [-0.013293445390485038, -0.9669594568335939, -0.2545833717734361]], "fy": 1164.1395702113307, "fx": 1164.1395702113307}, {"id": 77, "img_name": "85", "width": 720, "height": 1600, "position": [3.388908122838355, 0.554869344459036, 0.8352090550862895], "rotation": [[-0.19559322862813683, 0.23989554643345926, -0.9508908537524218], [0.9806849195969728, 0.04845346663637696, -0.1894976254363116], [0.0006143218552419707, -0.9695887728341438, -0.24473911464340364]], "fy": 1164.1395702113307, "fx": 1164.1395702113307}, {"id": 78, "img_name": "87", "width": 720, "height": 1600, "position": [3.433489894657529, 1.5738417013564854, 0.9892938342644967], "rotation": [[-0.4101558005843414, 0.23152298393616275, -0.8821390634078672], [0.911807669249587, 0.12474445973528228, -0.3912104217208336], [0.01946775669247027, -0.9647983870777874, -0.2622690961117281]], "fy": 1164.1395702113307, "fx": 1164.1395702113307}, {"id": 79, "img_name": "99", "width": 720, "height": 1600, "position": [-2.676716634213705, 0.9489977293766634, 1.1633620835878522], "rotation": [[-0.35227268789524474, -0.4175682482170058, 0.8375802716622666], [-0.9352340112357911, 0.12337114767928502, -0.3318386718694978], [0.03523205351470286, -0.9002312580857212, -0.4339843135463956]], "fy": 1164.1395702113307, "fx": 1164.1395702113307}, {"id": 80, "img_name": "98", "width": 720, "height": 1600, "position": [-2.7286206745327424, 0.643615692273171, 1.147744780088721], "rotation": [[-0.3107110493127844, -0.4329469946329096, 0.8461770167684032], [-0.9486109081601223, 0.08507988077110602, -0.30479297696568625], [0.059966563664605586, -0.897395294037075, -0.4371335007937172]], "fy": 1164.1395702113307, "fx": 1164.1395702113307}, {"id": 81, "img_name": "97", "width": 720, "height": 1600, "position": [-2.638833083481033, 0.35011493525086546, 1.1696053397841024], "rotation": [[-0.19948072326320332, -0.450538067550669, 0.8701855496202483], [-0.9784346667136834, 0.04300412067264699, -0.20203031598762453], [0.053600783768252565, -0.8917208617760566, -0.4494005570608434]], "fy": 1164.1395702113307, "fx": 1164.1395702113307}, {"id": 82, "img_name": "96", "width": 720, "height": 1600, "position": [-2.586261132843816, -0.000578886152192964, 1.157643435463485], "rotation": [[-0.10571566300070086, -0.43221259840989606, 0.8955537216749672], [-0.9939422449966988, 0.018712445210701284, -0.10829892891974204], [0.03005016152332789, -0.9015775697097815, -0.43157255893120205]], "fy": 1164.1395702113307, "fx": 1164.1395702113307}, {"id": 83, "img_name": "95", "width": 720, "height": 1600, "position": [-2.4995807275289224, -0.14255255365000824, 1.136638587000812], "rotation": [[-0.05041076102205221, -0.43327845084969113, 0.8998491758268523], [-0.9985167709517261, 0.0033104561806089087, -0.054344263800498255], [0.020567287166315004, -0.9012540290855668, -0.43280268228079427]], "fy": 1164.1395702113307, "fx": 1164.1395702113307}, {"id": 84, "img_name": "94", "width": 720, "height": 1600, "position": [1.935451475741805, 2.8948518250841664, 1.6391520941934512], "rotation": [[-0.8370303896951073, 0.28328532796993583, -0.4681127532097566], [0.5466014355353817, 0.3944023675398259, -0.7386972608245171], [-0.02463731766165223, -0.8741831589915265, -0.4849709343330118]], "fy": 1164.1395702113307, "fx": 1164.1395702113307}, {"id": 85, "img_name": "92", "width": 720, "height": 1600, "position": [2.9877634574379246, 2.6289836001086684, 1.2546216335706895], "rotation": [[-0.6355402156485883, 0.24095039641511212, -0.7335063331659394], [0.7720645033623119, 0.19557972021324158, -0.6047023860455829], [-0.002244316215612265, -0.950626887659497, -0.3103280257039999]], "fy": 1164.1395702113307, "fx": 1164.1395702113307}, {"id": 86, "img_name": "91", "width": 720, "height": 1600, "position": [3.2074062517673356, 2.3331975823696287, 1.147840251297821], "rotation": [[-0.5854955843674936, 0.24275267093375724, -0.7734766069342306], [0.8105996999348994, 0.18836260987142436, -0.5544796242134425], [0.011092662600466225, -0.9516252770862692, -0.30706071855695494]], "fy": 1164.1395702113307, "fx": 1164.1395702113307}, {"id": 87, "img_name": "90", "width": 720, "height": 1600, "position": [2.515478011997667, 3.180555049634197, 1.3542970376786991], "rotation": [[-0.7535030543852155, 0.21572157673251954, -0.6210453674233332], [0.6574365180312061, 0.2518648603047856, -0.7101699211475083], [0.003220529571062465, -0.9434131086153622, -0.3316041838031909]], "fy": 1164.1395702113307, "fx": 1164.1395702113307}, {"id": 88, "img_name": "9", "width": 720, "height": 1600, "position": [2.91568234019259, -3.650594536693675, 1.2014060725888773], "rotation": [[0.7062305402724185, 0.14262182205643809, -0.693467692033036], [0.7078248779507573, -0.16286825199516125, 0.6873557118741652], [-0.014911946788145945, -0.9762852802323017, -0.21597380738997998]], "fy": 1164.1395702113307, "fx": 1164.1395702113307}, {"id": 89, "img_name": "89", "width": 720, "height": 1600, "position": [3.441110904954655, 1.689620109301759, 1.0111549782174971], "rotation": [[-0.4525857217614721, 0.23304629970336943, -0.8607296827030021], [0.8915720779211576, 0.13589517926287348, -0.4320089468106712], [0.01629092803482397, -0.9629236327356552, -0.26928179146896225]], "fy": 1164.1395702113307, "fx": 1164.1395702113307}, {"id": 90, "img_name": "88", "width": 720, "height": 1600, "position": [3.338385713869591, 1.9734803977377349, 1.0560159557181061], "rotation": [[-0.48679843957910085, 0.23157170351326165, -0.8422599511962531], [0.8733294999693993, 0.14885890946418026, -0.4638282112553503], [0.017968408802517342, -0.9613613114943443, -0.2747026848809085]], "fy": 1164.1395702113307, "fx": 1164.1395702113307}, {"id": 91, "img_name": "72", "width": 720, "height": 1600, "position": [1.5290726555770993, 2.683624919541627, 2.348448984994613], "rotation": [[-0.8507968194121671, 0.2739967923810207, -0.4484088869289372], [0.5198181311532655, 0.5639049851125693, -0.6417166651174983], [0.07703169884836585, -0.7790615672416662, -0.6221970683419309]], "fy": 1164.1395702113307, "fx": 1164.1395702113307}, {"id": 92, "img_name": "70", "width": 720, "height": 1600, "position": [1.4159257238427767, 2.031825726932688, 3.3291207923577497], "rotation": [[-0.8779507176167987, 0.36656480534263336, -0.3079493155603073], [0.4690731603344256, 0.7873115213318626, -0.40013864926046155], [0.09577529805066612, -0.4957527729371353, -0.8631664268507248]], "fy": 1164.1395702113307, "fx": 1164.1395702113307}, {"id": 93, "img_name": "17", "width": 720, "height": 1600, "position": [-3.2124234597798145, -3.671770064469598, 1.301514139533612], "rotation": [[0.7614036351167189, -0.20161123550680268, 0.6161310040748331], [-0.6478773538507684, -0.27005948585122896, 0.7122659675072927], [0.022791200458857425, -0.9414992213753999, -0.3362436279916095]], "fy": 1164.1395702113307, "fx": 1164.1395702113307}, {"id": 94, "img_name": "7", "width": 720, "height": 1600, "position": [2.756329275263725, -3.3274882483432973, 2.128860222265087], "rotation": [[0.730813817100975, 0.16937509928489403, -0.66122858416007], [0.6744224372777733, -0.3284696263752149, 0.6612579531810857], [-0.10519287451469833, -0.9292038421796129, -0.3542805087268851]], "fy": 1164.1395702113307, "fx": 1164.1395702113307}, {"id": 95, "img_name": "69", "width": 720, "height": 1600, "position": [1.479633056546396, 2.526814854364538, 2.6078103494938407], "rotation": [[-0.8630901426890071, 0.3287224173272991, -0.3834279306119502], [0.4964865467170752, 0.6914456163015589, -0.5247895469865184], [0.09260947331570495, -0.6433074941746947, -0.7599861534427209]], "fy": 1164.1395702113307, "fx": 1164.1395702113307}, {"id": 96, "img_name": "68", "width": 720, "height": 1600, "position": [1.6785212852269302, 2.7858038724377834, 2.0178056905855226], "rotation": [[-0.8539752495017018, 0.23395041556468765, -0.4647509831398015], [0.5117330371487256, 0.53919037116758, -0.6688819345226121], [0.09410404855436981, -0.8090370490411156, -0.5801753884458737]], "fy": 1164.1395702113307, "fx": 1164.1395702113307}, {"id": 97, "img_name": "67", "width": 720, "height": 1600, "position": [2.2194779680939365, 3.1190471195104856, 1.640341341919632], "rotation": [[-0.7978692523066783, 0.26386670842305865, -0.5420138526305007], [0.6025517588553628, 0.3764169918934379, -0.7037340592256486], [0.01833123415867649, -0.8880791678835913, -0.4593248931412356]], "fy": 1164.1395702113307, "fx": 1164.1395702113307}, {"id": 98, "img_name": "66", "width": 720, "height": 1600, "position": [3.7377291194532187, -1.131478174888919, 0.9363812096217886], "rotation": [[0.2601669459466083, 0.08594244336090513, -0.961731280919867], [0.964851138053398, -0.061396916411565014, 0.255524362932809], [-0.03708694697634012, -0.9944065140162676, -0.09889511251719511]], "fy": 1164.1395702113307, "fx": 1164.1395702113307}, {"id": 99, "img_name": "64", "width": 720, "height": 1600, "position": [-3.12021634294855, -0.4700489296847508, 1.2436351420145102], "rotation": [[0.12701891907118953, -0.38508867755853277, 0.914096769848796], [-0.988796708884761, -0.12200321417137816, 0.08600165248715701], [0.07840448136109991, -0.9147797145659357, -0.3962711333859214]], "fy": 1164.1395702113307, "fx": 1164.1395702113307}, {"id": 100, "img_name": "63", "width": 720, "height": 1600, "position": [3.8325904482982955, -0.9423371138221037, 0.8755914103631156], "rotation": [[0.2067376687816283, 0.08747546469749971, -0.9744781061760651], [0.9778487838415464, -0.05179278225373326, 0.20280350994504542], [-0.03273060108948043, -0.9948193558712493, -0.09624529583327553]], "fy": 1164.1395702113307, "fx": 1164.1395702113307}, {"id": 101, "img_name": "62", "width": 720, "height": 1600, "position": [-3.1777262543075926, -0.332890409627385, 1.2132188988869124], "rotat